1153640
1190880
1188801
1152814
341159
259124
240634
312723
328231
274063
349543
239042
270253
387532
272860
258156
213996
270161
325764
342893
109803
83428
64243
83685
59205
75585
73820
50514
57198
81801
51254
50381
64159
87304
77126
84134
77397
67280
105805
77749
87151
48178
87792
50942
71651
116579
87462
73851
27096
43310
104221
64415
84527
55280
43126
87320
96874
93719
115611
81328
56863
92959
48058
74980
53200
54858
66633
83465
69432
53136
27459
63969
85001
56581
72320
56258
84541
96193
86086
58944
69541
84689
77784
110879
35351
25449
23050
25953
22139
20679
24544
16066
17236
20057
13855
13095
21067
21059
21754
19805
16863
11076
16836
14430
24206
12335
25429
13615
14353
26565
18185
14717
6624
9902
20703
13285
18702
10782
10927
16787
23524
17852
26889
13536
11360
16910
9277
13707
10728
9532
13770
16351
22152
13517
9492
18998
27890
18471
24537
16406
20933
21968
19847
14378
19327
17508
21216
26083
24289
22109
9925
21074
13062
23612
16602
14004
22299
37845
24947
20714
13541
26625
15486
22097
13709
18671
34555
20216
13715
8906
16418
9139
16059
28939
24478
18316
4138
8156
24931
13717
19328
17384
10486
24453
25753
35318
28391
27117
17262
29065
16370
24765
14454
18370
16508
24519
7646
9159
938
9353
12202
9668
10650
10790
24672
28594
34177
16778
9950
21220
9798
23447
27743
18127
21161
17496
13233
13909
18460
9678
11852
13208
8287
9779
20383
19297
26548
21092
27238
18313
29459
21864
31988
15855
28865
17011
25628
35382
28606
25995
10729
13485
37000
20114
20508
8325
9801
18229
27680
12725
34769
17785
11341
15480
8836
12401
17321
13659
23437
20563
18218
12133
9515
13334
18637
8372
17375
10474
19240
18059
18378
10956
17656
18294
22087
25428
22420
17743
10107
19162
10771
17385
14214
10766
5811
10690
4165
6793
9168
20323
13338
21140
19587
19220
24955
21239
17242
11082
17080
11177
15611
25693
16193
14823
5605
11767
21587
17299
25989
18789
11912
27851
19917
27824
25562
22890
16900
31504
13575
24107
10697
13297
12918
22032
21416
18327
7514
22284
26272
20070
19758
18588
19696
27572
13684
16832
22608
27667
24683
35921
