19250
7002
8080
19227
8640
1939
3355
5316
2734
1036
595
2637
2819
1762
1290
2209
5057
2265
2839
9065
3817
796
1593
2434
865
259
187
628
1296
765
466
828
1399
670
707
2540
1399
292
445
598
432
206
87
311
187
143
112
153
586
361
377
1312
1077
295
572
875
657
230
174
701
403
277
253
357
629
253
345
982
2347
556
745
1409
780
341
147
997
933
577
458
871
2443
981
1410
4231
1673
389
723
1032
374
105
62
255
614
343
255
381
818
305
355
956
419
100
156
190
109
51
27
72
87
40
36
24
148
95
73
312
513
147
290
346
302
99
83
281
147
119
72
128
251
101
132
344
598
166
170
465
258
102
49
261
255
155
96
201
707
245
364
1224
619
119
282
379
122
44
25
101
175
108
51
111
130
93
56
319
230
54
76
72
86
44
25
51
20
23
23
21
64
28
52
167
61
24
36
66
42
26
8
67
35
24
26
27
43
13
22
75
270
89
86
141
118
56
17
170
104
84
66
123
299
180
245
588
433
96
218
330
120
40
44
91
243
145
54
130
175
124
152
424
335
78
93
151
82
50
12
86
56
45
28
45
140
100
113
347
148
32
77
146
104
26
33
114
65
48
67
73
69
42
87
159
258
68
123
180
80
36
21
116
84
78
64
119
217
107
159
499
1092
192
370
693
249
70
56
181
264
169
106
206
276
148
144
841
415
60
120
185
155
61
23
102
24
35
25
63
234
138
139
486
355
92
169
317
209
79
50
239
155
86
88
129
266
97
104
404
1221
233
366
623
324
147
60
450
490
260
232
428
1220
449
642
1920
