11913
3778
4942
9590
5172
1382
2011
3347
1528
522
342
1386
1965
892
915
1170
3247
982
1674
3687
2303
543
921
1404
568
168
126
520
857
347
310
497
1129
376
570
1272
795
210
194
329
215
92
69
146
137
59
67
79
481
143
227
535
793
219
356
597
352
112
93
335
333
164
196
222
419
91
225
435
1281
410
540
1016
393
150
54
385
638
322
342
372
1218
372
652
1445
1020
213
457
613
238
64
55
186
426
139
141
215
478
150
236
540
315
76
60
117
67
37
20
44
47
34
19
26
161
50
87
222
379
98
142
238
146
41
47
113
118
64
61
67
180
42
106
169
416
139
182
392
159
68
14
135
206
106
134
124
387
142
212
531
309
113
167
206
79
25
10
96
67
49
27
51
119
36
38
136
97
35
38
45
39
12
21
20
29
11
10
19
57
14
17
58
59
19
16
43
16
12
10
21
13
13
17
24
32
9
12
26
189
72
83
137
63
24
7
49
90
41
43
53
167
51
110
207
360
92
135
206
78
29
29
83
126
68
74
88
250
48
112
187
172
51
53
76
43
18
18
33
39
2
29
23
125
37
72
101
107
41
97
88
70
18
19
57
66
40
48
42
69
12
67
74
162
52
74
131
30
13
8
40
65
51
51
58
140
46
86
163
614
125
162
379
173
50
32
155
238
91
68
143
282
142
184
408
211
48
43
91
66
25
10
49
22
12
9
11
138
42
51
154
248
61
101
228
120
41
17
144
136
47
70
89
138
28
40
166
514
147
201
356
141
45
25
161
277
124
114
137
524
133
244
544
