9987
3331
3906
9978
4266
850
1660
3211
1160
522
244
1404
1459
740
638
1069
3101
1219
1364
4294
1833
334
813
1286
306
122
57
364
652
326
243
439
1072
417
426
1296
546
117
141
356
178
118
54
172
82
49
63
50
437
173
156
638
615
113
232
499
275
105
56
304
225
119
111
183
365
107
181
416
1271
286
474
1070
401
177
77
564
500
246
221
397
1227
522
601
1944
772
147
368
546
130
52
28
124
334
151
121
207
470
154
157
505
159
25
32
90
38
24
15
45
18
14
16
9
115
56
44
149
302
49
108
193
129
47
25
125
102
45
40
56
165
37
74
163
436
106
146
384
147
71
21
178
173
70
80
103
376
151
185
584
235
43
92
176
36
12
10
59
45
35
20
41
104
59
44
149
76
19
22
61
41
39
9
29
23
10
11
10
44
32
22
74
29
13
12
28
13
11
2
23
13
12
12
26
15
7
7
21
181
45
72
139
53
28
11
81
53
37
24
42
151
92
99
296
254
54
136
171
49
12
9
42
84
45
45
58
164
53
92
190
115
30
42
88
40
15
14
36
18
11
14
13
101
38
31
134
80
12
53
80
43
15
11
50
37
20
19
35
57
18
35
73
146
24
76
119
30
10
6
61
62
27
22
70
118
50
54
194
572
89
217
393
91
46
10
139
189
95
57
133
334
151
133
452
196
43
45
117
59
40
16
62
23
14
22
18
177
47
59
281
204
39
59
198
90
32
18
106
73
42
40
66
128
45
65
159
508
111
180
428
171
68
39
244
212
112
95
182
582
229
263
870
