12251
3833
5122
9594
5375
1403
2132
3340
1570
532
357
1374
2055
913
941
1213
3250
985
1692
3667
2380
590
988
1416
576
179
129
519
904
368
329
531
1152
370
567
1251
859
191
209
311
228
87
80
137
121
73
70
93
496
148
198
532
866
214
382
593
382
114
87
330
360
159
206
216
418
85
244
466
1270
408
553
1019
384
152
61
388
670
313
336
373
1184
382
683
1418
1058
227
476
619
247
71
58
214
446
147
158
237
493
153
238
532
340
63
63
110
66
38
32
43
44
35
23
27
168
54
69
228
408
104
156
236
167
45
45
111
137
70
66
56
179
43
115
194
436
148
186
382
142
68
18
142
218
104
128
117
377
139
227
508
342
125
175
217
73
30
7
81
74
54
27
54
115
32
42
122
111
31
40
46
40
15
17
15
28
20
12
20
50
13
18
56
47
17
19
38
27
13
7
26
25
8
16
21
34
6
19
34
190
63
93
150
64
25
10
49
73
35
44
46
162
54
110
206
376
111
170
209
78
27
30
79
141
59
78
104
251
39
109
194
189
60
65
68
49
15
18
32
33
1
24
29
126
35
65
104
132
36
105
87
69
18
19
53
66
42
48
50
71
12
65
68
162
45
68
143
25
13
12
35
71
52
55
66
130
58
99
179
604
127
167
371
178
51
34
145
243
108
66
136
293
146
178
402
219
37
41
87
73
19
13
47
16
17
11
17
152
46
46
144
279
57
102
232
119
38
16
140
132
39
76
89
134
24
45
170
482
152
206
344
153
46
21
162
308
122
109
144
515
131
247
525
