11899
3875
5000
9525
5166
1395
2042
3295
1550
555
364
1406
1959
898
935
1208
3223
1027
1659
3616
2299
543
920
1403
560
176
140
519
838
351
332
521
1134
378
574
1209
810
215
209
316
226
114
61
154
131
70
71
92
461
154
213
578
797
206
379
577
352
119
92
335
340
170
210
215
427
109
225
447
1260
431
534
998
412
146
71
398
650
307
322
380
1201
386
647
1382
1044
233
433
589
227
66
58
192
397
142
155
226
513
150
241
499
314
81
56
109
66
44
23
43
51
33
27
29
158
47
76
238
371
90
152
225
136
48
49
118
126
71
68
67
180
55
107
179
439
140
173
382
152
66
25
135
223
103
125
123
383
135
205
486
317
100
159
234
79
33
13
90
79
47
31
52
114
39
34
129
108
36
36
46
55
18
12
29
20
9
14
18
55
20
15
64
59
18
18
36
20
13
9
28
24
16
14
17
38
10
17
27
169
73
89
130
64
25
9
56
83
37
40
53
186
65
112
215
350
96
143
208
72
31
28
75
132
71
78
98
227
50
111
189
159
54
63
76
45
27
14
33
40
7
19
26
122
39
64
110
108
41
98
93
74
22
14
60
63
38
56
53
70
12
63
70
169
52
73
133
42
12
9
46
53
54
53
65
132
54
94
167
588
114
185
372
182
46
41
162
230
91
68
145
280
139
188
391
229
44
54
85
60
25
12
49
20
21
11
19
126
48
58
166
259
57
111
223
122
36
20
129
127
45
72
78
139
32
38
171
483
166
199
353
154
43
28
161
291
113
104
139
500
132
236
514
