12091
3906
5123
9630
5238
1396
2135
3321
1580
547
368
1411
2041
958
938
1186
3231
1005
1682
3712
2325
558
969
1385
558
171
145
522
888
389
331
527
1119
383
576
1243
816
208
218
338
227
100
69
151
133
66
72
97
496
150
212
553
839
222
385
595
378
123
96
361
352
170
216
200
407
88
236
455
1258
408
563
1002
417
153
58
377
668
333
319
362
1209
384
658
1461
1016
216
480
613
236
66
69
187
437
160
145
227
474
154
235
522
308
72
59
119
73
33
21
44
50
41
22
32
174
52
73
223
402
99
150
237
159
43
51
136
135
71
67
58
179
42
121
185
417
139
190
373
162
74
13
134
226
106
130
114
394
134
200
515
345
110
162
199
76
31
9
92
78
54
31
55
121
37
34
146
102
33
43
49
41
19
18
22
26
12
8
23
52
14
24
61
63
15
18
37
20
12
9
25
19
15
18
20
36
9
19
33
181
73
95
147
64
25
7
54
87
42
38
45
159
59
114
221
368
97
164
210
76
31
31
84
141
74
77
93
245
45
119
186
179
55
70
74
45
25
18
35
38
3
27
28
137
37
71
116
116
45
103
88
72
26
16
56
70
42
61
43
66
13
58
63
163
45
70
129
34
12
8
34
74
49
49
64
144
53
92
166
596
135
163
363
170
43
36
159
232
101
78
152
279
147
188
388
227
48
46
96
68
23
12
50
19
10
15
14
133
47
44
153
258
63
114
233
127
42
20
144
128
42
70
79
126
24
38
174
497
151
208
353
157
42
30
155
281
136
102
139
512
138
252
559
