10175
3079
3247
9457
4654
928
1360
3232
1193
468
234
1184
1208
637
510
892
3120
1046
1143
4148
2153
430
693
1378
428
131
62
307
589
292
178
301
1187
389
335
1321
621
121
128
322
169
121
36
142
66
50
49
69
381
132
136
535
562
112
154
380
227
82
49
279
170
91
106
143
282
97
118
395
1318
265
385
1152
369
134
87
456
383
204
177
379
1270
428
554
1896
1031
216
298
608
213
54
22
141
335
133
79
146
573
151
133
521
235
51
28
113
55
32
11
33
22
12
14
14
107
32
38
130
312
42
77
158
108
30
28
126
68
33
37
40
100
30
41
130
488
117
145
437
157
46
32
154
128
52
62
93
432
120
178
591
250
88
99
184
47
18
12
44
46
33
15
34
111
36
36
139
79
17
33
40
38
40
9
34
10
11
8
7
49
24
16
53
26
9
6
25
14
5
5
26
7
12
15
15
15
12
13
29
136
44
49
152
37
19
7
69
37
26
18
55
154
73
69
239
233
35
128
166
63
14
10
25
39
52
31
32
116
53
49
162
110
26
26
65
28
17
7
30
8
9
8
24
81
24
32
142
67
20
20
63
26
23
7
35
36
26
17
27
39
13
24
67
115
17
36
114
36
15
7
39
26
24
15
53
97
33
64
201
639
91
168
420
105
45
18
97
169
74
53
89
387
149
117
499
197
27
41
104
48
32
9
45
26
18
19
24
144
52
50
210
157
41
51
134
79
24
9
92
59
20
37
61
128
42
40
169
579
87
155
449
139
54
41
194
192
102
82
178
586
202
243
865
