3752
1139
1085
3410
1780
397
445
1129
436
154
82
467
377
211
176
321
1159
377
382
1492
894
164
221
501
154
48
23
172
177
77
54
137
420
124
112
473
221
65
31
119
52
29
25
48
20
20
15
27
170
64
32
201
186
33
37
121
84
37
16
74
58
40
45
33
98
34
47
142
479
135
156
388
146
40
18
173
122
74
62
124
470
155
191
676
453
80
107
254
69
24
7
64
101
29
25
66
182
71
51
197
84
25
6
39
23
10
11
4
7
8
1
7
57
23
20
72
95
13
14
55
34
14
7
22
20
14
12
8
39
19
23
56
183
43
61
133
53
17
6
48
43
14
26
29
143
53
52
225
95
25
41
60
20
8
6
31
8
5
1
17
54
9
7
49
22
9
9
12
9
4
2
14
7
6
6
6
22
8
2
16
13
2
1
4
8
5
0
7
6
6
3
0
11
2
3
11
70
31
16
53
27
10
1
26
6
11
10
5
65
22
29
85
111
22
12
41
11
5
1
16
11
9
3
14
55
2
13
51
34
15
8
27
11
9
4
13
2
0
4
10
32
8
6
28
22
2
10
24
13
6
4
17
5
11
18
11
11
4
5
13
42
10
15
30
8
2
3
21
6
10
11
20
46
15
20
61
235
37
61
146
54
11
9
61
57
34
25
40
129
42
41
176
81
16
8
41
9
6
8
17
4
6
4
4
59
25
4
85
56
16
12
38
29
12
5
28
27
9
12
14
37
9
16
62
184
51
63
172
58
11
8
78
67
39
15
70
216
65
90
305
