13739
4828
5294
14966
5614
1242
2110
4773
1738
745
344
2001
1778
1065
934
1517
4609
1776
1905
6675
2419
499
856
1840
466
200
93
483
755
468
336
551
1630
584
562
1997
744
179
256
559
255
126
65
299
100
67
82
95
553
270
199
978
707
149
275
647
422
141
71
431
324
178
172
260
471
167
198
681
1744
415
723
1727
595
278
115
788
599
352
344
610
1955
755
946
3019
1039
216
385
779
218
85
31
165
333
181
145
197
706
212
248
674
199
44
74
149
76
28
16
80
28
13
26
26
144
67
48
224
313
64
128
250
185
49
38
196
128
56
57
95
196
48
74
233
617
143
256
614
223
94
37
230
214
91
103
154
594
223
295
885
320
91
105
228
50
40
11
78
90
70
36
60
163
108
41
247
118
29
27
81
42
25
17
42
18
19
8
20
67
49
27
156
29
21
16
34
32
7
1
27
26
16
18
22
29
16
11
39
206
69
91
187
76
52
19
123
46
37
40
76
232
135
150
461
288
68
114
237
67
20
13
49
82
64
52
77
257
58
94
238
165
49
76
132
49
23
10
59
26
16
12
17
109
50
55
217
127
16
51
130
75
20
15
68
59
35
41
37
70
29
44
117
161
30
91
189
49
15
12
91
57
38
38
65
194
68
100
319
772
124
252
596
131
55
38
191
250
153
103
217
504
206
179
838
262
57
79
197
88
50
22
118
28
19
36
32
233
104
69
381
238
48
80
233
130
65
17
140
111
71
56
106
175
74
69
292
760
173
285
737
247
117
47
344
282
186
163
315
935
329
401
1354
