11557
3864
4890
9527
4982
1358
1986
3230
1535
557
364
1408
1879
933
897
1181
3160
1016
1643
3708
2186
544
913
1338
540
179
128
511
805
366
301
514
1088
367
561
1214
789
210
211
325
223
105
65
164
130
67
71
96
458
160
206
584
759
188
353
579
367
116
104
346
315
164
207
211
401
100
225
455
1248
416
509
987
405
157
67
387
629
336
318
360
1213
389
651
1455
971
214
442
559
229
70
48
197
389
151
140
233
464
147
233
494
299
73
54
114
70
39
18
52
43
38
19
28
154
54
67
236
350
89
147
219
146
48
55
117
116
63
65
57
177
47
104
186
409
129
174
376
155
69
16
127
208
108
123
122
377
137
202
498
315
107
163
204
75
38
13
84
70
52
33
56
117
34
32
142
95
33
45
50
45
20
21
19
24
14
9
18
51
22
14
77
54
14
22
40
23
12
7
25
23
15
18
15
32
11
21
32
177
67
84
130
72
30
10
48
83
46
36
41
176
65
114
229
330
90
142
197
65
28
26
69
124
66
69
94
238
51
111
179
174
59
61
73
44
20
15
37
37
5
30
32
123
36
72
115
102
30
86
97
70
22
16
56
61
40
57
49
66
8
65
72
156
51
63
131
26
15
12
47
59
53
54
59
138
52
92
173
570
133
166
378
171
43
41
161
222
97
59
131
269
135
185
398
221
45
51
88
64
26
11
56
26
10
13
18
130
48
53
156
253
55
98
223
128
34
26
148
115
46
67
90
126
34
35
165
506
169
188
350
152
43
29
165
279
129
105
138
522
135
243
555
